CardioEdit edited IBI (R-R) data file Version: 1.0.1
StudyID     : 99451_9
SubjectID   : 
ConditionID : Baseline
SegmentID   : 
MiscID      : 
----------------------------------------
0.413
0.413
0.4
0.403
0.407
0.41
0.453
0.49
0.437
0.477
0.537
0.47
0.463
0.52
0.463
0.457
0.513
0.483
0.47
0.53
0.467
0.453
0.49
0.483
0.447
0.46
0.5
0.45
0.447
0.487
0.45
0.433
0.457
0.473
0.44
0.453
0.483
0.44
0.483
0.5100001
0.45
0.46
0.49
0.45
0.45
0.5100001
0.46
0.49
0.523
0.463
0.473
0.5100001
0.467
0.503
0.56
0.493
0.47
0.517
0.543
0.47
0.503
0.5700001
0.487
0.477
0.527
0.5330001
0.47
0.45
0.473
0.467
0.443
0.48
0.503
0.45
0.44
0.463
0.45
0.44
0.453
0.46
0.437
0.443
0.487
0.447
0.463
0.48
0.447
0.473
0.48
0.453
0.443
0.453
0.45
0.44
0.457
0.477
0.443
0.447
0.467
0.443
0.437
0.457
0.44
0.437
0.463
0.437
0.447
0.457
0.44
0.443
0.44
0.43
0.467
0.473
0.443
0.477
0.503
0.457
0.46
0.487
0.46
0.457
0.493
0.463
0.443
0.463
0.48
0.457
0.483
0.487
0.46
0.477
0.513
0.467
0.49
0.513
0.467
0.45
0.443
0.453
0.503
0.48
0.45
0.477
0.48
0.463
0.48
0.5100001
0.49
0.467
0.48
0.49
0.457
0.48
0.447
0.44
0.42
0.42
0.423
0.42
0.427
0.417
0.413
0.417
0.447
0.46
0.443
0.427
0.433
0.47
0.397
0.413
0.377
0.4
0.3885
0.3885
0.48
0.48
0.495
0.495
0.413
0.433
0.413
0.403
0.44
0.433
0.44
0.453
0.44
0.423
0.44
0.447
0.43
0.437
0.44
0.433
0.45
0.433
0.43
0.44
0.43
0.427
0.443
0.43
0.42
0.44
0.417
0.417
0.427
0.42
0.423
0.43
0.427
0.42
0.44
0.423
0.42
0.437
0.423
0.437
0.423
0.417
0.413
0.413
0.413
0.41
0.41
0.407
0.397
0.407
0.413
0.403
0.42
0.42
0.42
0.43
0.43
0.45
0.44
0.457
0.437
0.433
0.457
0.44
0.443
0.46
0.443
0.463
0.453
0.44
0.477
0.457
0.447
0.463
0.457
0.45
0.463
0.453
0.48
0.453
0.45
0.473
0.447
0.463
0.46
0.443
0.45
0.447
0.443
0.447
0.46
0.45
0.463
0.45
0.437
0.45
0.437
0.433
0.443
0.447
0.463
0.5
0.47
0.48
0.537
0.487
0.467
0.497
0.49
0.463
0.477
0.447
0.45
0.443
0.443
0.46
0.44
0.453
0.453
0.437
0.45
0.483
0.447
